Smith, Hannah	45467	11236	27200	11234	40116
Johnson, Christopher	40117	40114	49835	36380	43031
Williams, Rachel	11231	11222	11222	33092	40114
Garcia, Juan	10931	11217	11217	45469	27201
Brown, Jasmine	40115	45469	40115	33095	11222
Davis, Alexander	49833	36375	40121	33081	40118
Martinez, Sofia	27200	33081	49836	43030	45468
Rodriguez, Miguel	33077	33094	33074	33092	21114
Miller, Amanda	10931	49836	49834	43030	33081
Hernandez, Maria	49835	10931	11237	40114	21114
Lopez, Anthony	49836	11231	27200	49835	10916
Gonzalez, Carlos	40114	36375	49837	43031	45469
Perez, Stephanie	11236	36380	11231	36376	33074
Torres, Emily	49833	11234	33095	45467	40121
Adams, Jonathan	45468	43031	49835	11234	33079
Wilson, Brandon	43031	36380	33092	43030	33074
Anderson, Amber	36374	40118	11234	43030	43031
Cruz, Luis	40117	36380	49833	33079	49833
Perez, Ana	36380	49838	11236	36373	10931
Baker, Jessica	49835	43031	45468	33092	36375
Carter, Tyler	40118	33091	33079	11234	10916
Perez, Maria	36375	11222	36373	10931	49839
Wright, Ashley	27200	40121	21114	11236	11236
Green, Jasmine	36380	11231	40118	40115	49835
Hill, Michael	10931	33091	49834	36376	40116
Martinez, Alejandro	33081	33079	36376	40115	40118
Lee, Esther	36376	33081	28460	49833	33081
King, Christopher	27200	28460	43031	33094	33074
Ortiz, Sofia	33091	33079	33074	36376	40113
Ramirez, Juan	49838	21114	40115	45467	11237
James, Lauren	40113	40118	40117	36373	43030
Turner, Samuel	40121	43030	49839	40114	49837
Collins, Crystal	27200	28460	40114	33095	49834
Bailey, Michael	33091	40117	49838	49839	10916
Evans, Natalie	11231	36373	49838	45467	49836
Reed, Kyle	40114	40116	33095	40113	40121
Adams, Jasmine	45469	43031	11237	33079	49834
Phillips, Justin	11237	36376	11217	10931	49834
Sanchez, Maria	33077	28460	40117	49833	10931
Price, Tyler	36376	49834	45468	36380	40116
Lewis, Hannah	49837	40113	33094	40113	33074
Cooper, Anthony	27200	45467	33094	36373	33077
Ortiz, Carlos	36376	49833	11222	36376	49838
Powell, Amber	49836	36380	43030	36373	11236
Cox, Jordan	43030	43031	45469	49835	43031
Kelly, Christopher	36374	11222	49833	36380	45467
Wood, David	49837	28460	21114	49836	33094
Sanders, Alexis	40118	49834	10931	49836	49835
Ross, Tyler	43031	10916	33081	11231	40121
Sanchez, Carlos	11234	49834	40121	43031	11236
Long, Brittany	36374	36380	33092	49839	33079
Kim, Minho	49835	10916	40114	40121	33081
Parker, Rachel	40118	11237	40121	11236	33094
Torres, Juan	33095	49834	40117	40118	33094
Washington, Ashley	33079	33079	33095	33081	45467
Phillips, Ashley	33074	33095	33095	10916	49836
Allen, Michael	40114	11217	36375	40121	40113
Baker, Amber	11217	33081	45469	40121	11231
Martin, Christopher	11236	40118	49833	43030	33092
Carter, Ashley	45468	33092	49839	28460	33092
Evans, Jonathan	40116	11237	40114	36375	10916
Rodriguez, Jose	45467	36373	33077	49839	43031
Perry, Jasmine	49839	40114	27200	40117	49838
Peterson, Tyler	10916	40117	40121	36380	49839
Campbell, Jasmine	40117	40121	33079	33094	36374
Gonzalez, Juan	40117	49834	40117	43030	33092
Henderson, Christopher	40114	49834	40115	27200	40118
Diaz, Carlos	11236	40117	36375	27200	36380
Scott, Rachel	33091	11234	27200	40115	27201
Garcia, Maria	40116	40115	33081	40115	49833
Flores, Miguel	49833	11231	43031	40113	28460
Bailey, Brittany	10916	40117	49833	10931	43030
Young, Michael	40114	40114	33094	49836	45469
Reed, Lauren	33074	43030	21114	27200	11234
Baker, David	33092	40118	11236	33094	11237
Ortiz, Ana	49835	11217	33095	33095	10916
Phillips, Brandon	36375	49838	40117	49835	45467
Cooper, Emily	40115	11237	33092	27201	40118
James, Joshua	40121	36373	49836	45468	40117
Sanchez, Miguel	40115	11234	45468	43030	33077
Cox, Stephanie	33077	49836	40118	49838	11236
Davis, Michael	49837	49834	10931	21114	40113
Martin, Brittany	36380	43030	40114	40118	11236
Carter, Christopher	49833	49839	45468	33081	36373
Johnson, Samantha	33095	33094	40118	40117	45469
Green, Jessica	10916	49836	27201	49835	43030
Torres, Isabella	33091	40115	11236	40113	49836
Anderson, Michael	40117	11236	40114	36376	45467
Baker, Samantha	33095	33092	11237	40115	21114
King, Jasmine	11222	33079	11236	27201	10916
Lewis, Tyler	45468	49837	49836	11217	40113
Brown, Michael	28460	40115	36376	11234	49838
Perez, Juan	36376	49835	40117	11231	40113
Wright, Emily	36374	40118	40118	40116	33077
Campbell, Michael	28460	43030	10916	49834	40115
Martinez, Juan	11237	36374	40116	43030	40121
Reed, Ashley	36376	33074	49838	33079	49837
Parker, Michael	43031	40114	27200	36373	43031
Wood, Emily	33092	49839	40116	36375	36374
Powell, Tyler	10931	40121	28460	27200	33091
Ortiz, Angel	33081	40116	28460	40116	33094
Long, Michael	40115	49839	11234	49838	10931
Bailey, Jasmine	40114	45469	43030	45468	49833
Washington, Brittany	49836	49839	10931	40116	49839
Ramirez, Miguel	33077	28460	11234	49838	40121
Phillips, Rachel	33081	43031	40115	40117	11236
Ross, Emily	33081	40118	49835	11231	10916
Peterson, Rachel	10931	40118	49836	11236	33077
Anderson, Jasmine	49838	40113	40118	40113	36380
Smith, Emma	11236	33092	49834	36374	49836
Johnson, William	11237	40117	40115	28460	33092
Williams, Charlotte	45469	11236	36376	10931	49834
Brown, James	11234	49834	33094	49834	33081
Jones, Elizabeth	21114	49839	11231	11217	27200
Taylor, Benjamin	49839	45469	27200	10916	40115
Davis, Olivia	33095	43031	11236	33095	10931
Evans, George	36380	40115	33081	10916	40116
Wilson, Edward	36380	36376	28460	36373	27201
Wright, Isabella	33095	11217	28460	45469	11217
Robinson, Charles	45468	40115	45467	49837	11222
Clark, Sophia	33095	40118	10931	36380	36376
Wood, Thomas	36376	36373	27200	40121	11234
Green, Amelia	49836	33081	11217	36376	45467
Baker, Harry	49839	40116	28460	36376	36374
Lewis, Grace	40118	33079	28460	45468	49834
Parker, Joseph	40114	40114	43031	33077	40117
White, Emily	49833	36376	11217	11231	33077
Hall, Henry	11222	33095	36376	28460	49836
Turner, Lucy	36380	33079	40121	33094	33094
Ward, Frederick	43031	43031	45467	10916	40117
Cooper, Victoria	43031	33077	36376	49833	40117
King, David	33081	40113	10931	33077	21114
Carter, Alice	45468	36374	45468	40118	11222
Collins, Matthew	10916	40116	33091	33081	11217
Lee, Eleanor	36374	49839	40121	11217	40116
Bell, Samuel	10931	49835	49839	11222	49837
Allen, Charlotte	45467	33095	33077	40113	36376
Phillips, Christopher	10931	45468	49836	33077	33094
Foster, Daisy	11236	36376	33091	11237	28460
Watson, Richard	49835	40117	33074	43031	11231
Wright, Alice	40115	21114	11237	49837	11236
Cox, Nicholas	28460	10931	40113	11231	49833
Powell, Abigail	36375	36380	11234	36374	33077
Bailey, Robert	33077	40115	40113	33074	36374
Fisher, Sophie	36375	40116	45468	45467	49838
Gray, Michael	11217	11231	36375	33094	33074
Mills, Caroline	49839	33095	11236	45468	33091
Hayes, Andrew	49838	33079	33091	36380	36373
Hughes, Isabelle	36375	49837	11222	40117	33081
Edwards, Henry	40115	43030	36375	40114	33077
Bennett, Olivia	49839	36380	11236	10916	33094
James, Alexander	33081	49833	33092	33081	11222
Richardson, Florence	45467	11234	40116	49836	49833
Brooks, Edward	45468	33092	43031	33091	40113
Peterson, Ruby	49836	49836	40114	49836	33095
Butler, Matthew	40113	36376	49833	27201	10916
Young, Beatrice	28460	36376	43030	49839	33079
Hughes, William	43030	36380	28460	49833	36380
Ross, Chloe	40113	33092	11231	27201	33094
Bell, Andrew	10916	40121	33074	40114	49838
Foster, Lily	36374	49837	33092	33092	28460
Hamilton, Christopher	11231	43031	49836	11217	33091
Hayes, Eleanor	33079	36376	27201	36376	40121
Robinson, Olivia	11231	49833	49834	27200	45468
Rogers, Emma	40113	40114	49838	36375	49835
Saunders, Alice	33094	11236	11231	11234	11217
Henderson, Henry	43031	36374	10916	33074	45467
Jackson, Grace	33094	40113	27200	40115	28460
Graham, Samuel	11217	49837	49838	45468	43030
Mitchell, Sophia	11217	10916	33081	11217	40121
Simpson, David	21114	21114	28460	40114	11231
Collins, Catherine	33095	36375	27201	33074	40116
Stevens, Amelia	40113	33094	33077	33079	27201
Robinson, Frederick	27200	49836	45467	49833	43031
Peters, Abigail	49834	40113	11222	49837	33077
Hunt, John	45468	33079	28460	45467	40116
Bailey, Charlotte	36380	49833	40113	33092	10931
Wood, Lydia	10931	33095	49838	36375	45467
Hill, James	49833	11222	43030	28460	49833
Reid, Emily	40116	49838	33091	49836	27201
Murray, William	49837	40118	36376	11231	40117
Armstrong, Isabella	49839	33079	33077	40114	33077
Smith, Edward	40115	28460	40114	43031	10931
Palmer, Elizabeth	11217	40114	40116	49839	11234
Scott, Benjamin	11234	33094	28460	49834	49835
Bates, Emma	21114	45467	10916	11237	36375
Hughes, Joseph	49833	36376	36380	49834	28460
Martin, Alice	33095	33079	11222	33094	28460
Page, Oliver	49836	11231	27200	49839	40117
Fox, Grace	40114	45469	49834	49838	40115
Walker, Samuel	10931	49835	45468	40117	40118
Clark, Martha	49836	49835	27200	11222	33091
Barnes, William	45467	49835	10931	11231	10916
Collins, Emily	21114	11234	21114	40114	11217
Ward, Edward	45468	10916	49835	36376	40118
Taylor, Lily	43030	33081	33079	49839	33094
Mitchell, Sarah	33091	40114	11231	27201	40117
Robinson, Henry	45468	33074	11234	40113	40117
Ellis, Amelia	36376	33074	33091	11217	33077
Morris, Emily	49833	33081	45467	36374	33092
Fraser, Alexander	40121	33077	45469	40121	40121
Watson, Charlotte	11237	36376	11234	40114	33091
Brooks, Caroline	40114	11231	10916	40114	40115
Ward, George	43031	45468	49839	40116	33081
Holmes, Sophia	49834	49833	36374	49837	10916
Barnes, John	11236	49837	11222	45467	11222
Cook, Alice	36373	36380	40121	36373	43030
Jenkins, Benjamin	33094	33079	11234	10931	40121
Hunt, Margaret	21114	36374	40117	45469	49836
White, Eleanor	33091	40118	36375	11231	11231
Woods, William	45467	40121	43030	10916	36376
Scott, Elizabeth	40117	36375	33091	49837	33094
Ward, Sophia	45467	49833	33095	11234	49836
Bennett, James	33079	10931	40116	40115	40118
Collins, Amelia	40114	40115	49838	40113	36380
Lewis, Charlotte	36380	36373	11234	11234	40113
Foster, Henry	40115	11217	49837	11236	11217
Wright, Catherine	11237	33079	10931	40121	40116
Rogers, Samuel	36375	27200	49837	45467	36374
Green, Emily	49836	11234	49838	11222	49837
Reid, Oliver	36373	36375	11236	49836	49835
Gray, Lily	40114	33094	33092	33091	36376
Peters, George	33094	11217	36373	49834	33081
King, Alice	40121	40121	45468	11217	49836
Powell, William	27200	33079	10916	40117	10931
Cook, Sarah	10916	33091	33091	40113	27200
Ellis, Edward	11217	36374	10916	11222	33095
Hayes, Isabella	40116	11234	43031	33074	33092
Fraser, Amelia	33092	40117	49835	36380	10931
Bell, Henry	21114	49834	49837	49835	33081
Hughes, Alexander	49837	11236	45468	10916	33091
Bui, Linh	40116	40113	45468	33091	36375
Raza, Ahmed	11234	21114	36374	10916	33091
Delgado, Martina	40113	45468	33081	49834	49837
Ahmed, Iqra	40118	33074	40117	49835	40114
Soto, Rodrigo	33091	11217	21114	33092	36375
Zhang, Wei	33081	40114	49833	33092	43030
Patel, Nisha	49838	49834	33091	21114	10916
Kim, Ye-jin	11234	27200	43030	33081	33092
Fuentes, Jorge	10916	40113	33081	43031	33074
Wang, Chun	36376	27201	40116	27200	33092
Nguyen, Quang	21114	45469	49835	33081	21114
Li, Xiao	21114	49834	40121	40116	33094
Reyes, Sofia	40113	11234	40114	36375	21114
Gutierrez, Luis	11236	36380	33074	33094	36373
Yilmaz, Aylin	40113	43031	10931	40116	33092
Ali, Fatima	49833	36380	43030	40121	49838
Das, Rohit	36380	40121	49839	40118	43030
Santos, Ricardo	49835	49835	49833	43030	40113
Wu, Jing	40121	36374	33091	49833	36374
Park, Ji-hoon	49835	36376	28460	21114	27200
Nava, Javier	40118	33079	33081	49837	49835
Kaur, Harpreet	27201	40114	33079	45467	27201
Chen, Wei	40114	40117	27200	43031	33074
Miranda, Eduardo	49838	33091	49837	33081	36374
Khan, Zainab	27201	33077	40114	10916	36373
Pereira, Gustavo	40121	11217	11231	11222	36374
Singh, Rohan	11237	43030	49839	40117	43030
Kim, Min-ji	45468	11237	49838	10916	33079
Rodriguez, Diego	45469	43031	45468	33094	33077
Aziz, Aisha	11217	36373	49835	45467	43030
Almeida, Pedro	33074	36375	33081	21114	10931
Reyes, Andres	28460	33077	11231	10931	11236
Xu, Ming	40113	49836	11234	11222	36376
Pinto, Sofia	36380	43031	40116	49833	49837
Chen, Han	11217	11237	11231	33094	11234
Rios, Juan	33074	27201	33081	36374	33081
Ahmad, Omar	40115	33091	40117	33074	33081
Cho, Jae-hyun	11222	36374	11236	49835	40117
Gao, Jian	11217	33074	21114	43030	11234
Gupta, Rahul	43030	45467	33077	45469	33074
Torres, Carlos	33079	40113	33079	11237	28460
Wong, Hui	40116	10931	45468	36374	49836
Huang, Xiaolin	40121	27200	40121	33079	40121
Singh, Isha	27200	40116	33092	40113	49834
Soares, Jose	33095	11234	40117	49836	33095
Yamamoto, Saki	27200	33094	10916	49836	45469
Shrestha, Priya	45467	36375	36380	33092	36374
Reyes, Daniel	40115	27201	11231	11236	43030
Li, Qiao	33081	40115	33077	33094	11234
Jha, Sagar	49837	27200	11231	33077	28460
Oliveira, Mariana	21114	36373	10916	11231	36375
Ng, Wei	36375	33095	33094	10916	40115
Jang, Hye-won	36374	11222	45467	49833	11236
Das, Tanvi	45468	45468	49835	40114	11222
Zhang, Cheng	33092	33081	10916	45469	28460
Kim, Tae-yeon	36380	49838	40116	33077	43030
Dos Santos, Ana	33077	40121	49836	40113	40114
Ali, Ahmad	43031	40113	21114	33074	11231
Chen, Mei	49833	49835	27200	36375	11217
Singh, Kunal	11237	10916	21114	40113	33079
Gonzalez, Maria	11236	40115	33077	40117	33094
Sharma, Aditi	33095	27201	49838	33079	21114
Ali, Amina	40114	40117	45468	45469	33079
Gomes, Ana	40114	40116	33077	49833	49838
Mendoza, Jose	40115	28460	43030	11236	49838
Kim, Jae-hyuk	11217	40116	43031	11236	40117
Chen, Yu	33081	40114	36376	36376	49835
Ahmad, Ali	49835	43031	40116	40117	36374
Rodriguez, Pablo	33094	11237	36376	49839	28460
Barros, Beatriz	11231	11217	36375	27201	43031
Khan, Farhan	33095	49837	49838	27200	49834
Wu, Zhi	40115	40113	36375	33095	36374
Rodriguez, Andres	11237	11237	36376	40121	11231
Guzman, Ana	33077	36380	49833	40121	49839
Kato, Yuka	33074	43030	43030	33092	45467
Pham, Nhung	11234	40114	45467	36373	36376
Yamada, Yui	10916	33091	21114	40117	33091
Zhang, Lei	33095	33081	11236	28460	36374
Kim, Min-seo	33074	40115	36374	45468	45467
Silva, Rafael	10931	36374	40116	40121	49834
Mishra, Anjali	10916	49834	49837	10931	40118
Lee, Jae-hyun	40115	40114	33081	43030	40121
Sato, Yuto	49834	40118	40116	11231	43031
Patel, Anish	10916	36380	36373	40116	11237
Das, Aarav	49837	28460	40118	10931	49834
Yang, Jung-min	36373	11231	49834	40114	21114
Tan, Wei	49837	40116	27200	40113	36374
Chen, Jin	43031	36380	40121	40116	45469
Khan, Arsalan	36376	45469	33079	21114	36374
Martin, Luis	33094	36374	45469	27201	49834
Oliveira, Tiago	49835	43030	27200	11217	21114
Ahmad, Ayesha	49835	40114	33081	49834	11217
Tavares, Miguel	33074	40114	40121	36380	49833
Kim, Yeon-joo	40118	49836	40115	49839	33081
Chu, Yan	33081	45467	40121	28460	28460
Das, Rishi	45468	33081	33074	33074	45469
Martinez, Ana	21114	11236	33091	33094	33081
